1
2
1
1
1
2
4
2
2
1
1
1
1
2
3
1
5
2
3
3
1
2
4
5
5
10
3
8
10
3
7
18
17
12
7
11
8
14
13
7
13
11
30
17
26
22
27
23
26
29
30
30
30
36
43
33
37
43
26
40
30
53
40
48
39
55
47
61
54
54
48
70
60
63
58
75
85
80
74
81
69
86
78
82
96
110
102
95
101
124
111
123
115
115
144
141
138
138
131
127
134
145
159
149
157
174
180
160
197
167
195
173
207
203
208
204
221
217
253
236
232
236
256
245
263
269
269
265
259
261
259
321
249
291
301
293
315
319
330
356
364
368
361
357
375
397
369
384
389
400
418
442
396
426
441
454
472
471
462
504
505
526
510
531
487
507
556
592
565
596
573
579
596
611
599
654
616
658
642
660
707
718
709
715
692
733
795
715
743
813
788
799
820
826
818
851
837
911
906
883
903
892
964
972
948
948
1041
1014
994
1008
1031
1060
1007
1123
1055
1128
1127
1098
1156
1158
1227
1229
1126
1254
1248
1268
1224
1281
1333
1267
1313
1331
1327
1343
1379
1381
1475
1443
1488
1453
1488
1571
1464
1504
1563
1492
1608
1617
1596
1604
1603
1561
1631
1740
1677
1698
1755
1781
1737
1760
1727
1841
1790
1839
1795
1827
1826
1863
1830
1871
1950
1937
1952
1930
1992
2034
2059
2021
2030
2043
2055
2079
2175
2090
2133
2236
2182
2076
2141
2205
2323
2206
2315
2230
2285
2279
2329
2353
2327
2288
2357
2287
2394
2441
2474
2564
2510
2471
2452
2424
2492
2485
2562
2496
2505
2545
2621
2601
2622
2537
2623
2718
2674
2632
2704
2740
2730
2652
2798
2845
2795
2672
2746
2694
2848
2833
2811
2785
2755
2906
2809
2846
2773
2864
2930
2996
2943
2920
2927
2928
3070
2928
3034
2945
3071
3016
3024
3006
3079
3003
2866
3056
3112
3116
3079
3123
3071
3172
3155
3125
3205
3040
3171
3085
3134
3122
3057
3197
3151
3122
3243
3190
3221
3146
3173
3002
3271
3098
3240
3236
3167
3219
3167
3198
3213
3214
3171
3211
3266
3113
3177
3207
3198
3250
3201
3215
3225
3154
3236
3209
3211
3179
3206
3024
3198
3242
3108
3099
3162
3078
3071
3157
3122
3060
3232
3172
3126
3160
3085
3046
3032
3108
3051
3065
3166
3069
3076
3022
3029
2958
3029
2991
3039
2911
3027
2920
3101
3011
2916
2877
2937
2982
2869
2947
2952
2832
2923
2909
2873
2815
2897
2934
2834
2862
2804
2811
2755
2741
2830
2710
2767
2570
2732
2714
2644
2722
2659
2639
2730
2535
2667
2522
2610
2585
2516
2544
2494
2520
2497
2582
2489
2505
2542
2497
2435
2307
2446
2384
2385
2392
2400
2511
2305
2340
2246
2264
2296
2295
2183
2236
2228
2251
2222
2183
2192
2061
2080
2110
2037
2047
1949
2070
2060
2076
1938
2031
1995
1889
2000
1957
1929
1867
1922
1817
1880
1844
1857
1751
1784
1778
1776
1755
1733
1747
1726
1632
1676
1628
1574
1660
1625
1521
1562
1596
1472
1606
1492
1512
1523
1431
1486
1390
1481
1425
1294
1382
1352
1358
1344
1366
1263
1265
1305
1269
1246
1225
1208
1138
1117
1096
1159
1151
1097
1124
1095
1043
1036
1064
1082
1045
1057
1022
978
969
977
949
922
893
901
960
922
909
856
856
866
859
787
799
746
844
779
791
723
783
630
733
735
752
672
640
624
674
603
680
649
602
610
574
559
584
574
593
541
545
513
514
516
519
491
495
464
453
490
447
484
436
405
454
415
376
398
369
376
373
383
396
350
346
342
317
346
324
294
282
295
296
305
278
288
289
256
289
275
251
259
244
266
237
248
226
210
230
195
219
210
231
175
196
187
173
187
194
164
169
140
166
144
133
152
149
158
146
127
134
112
142
104
121
120
89
92
109
95
105
86
74
73
91
75
73
76
66
76
78
62
71
51
58
61
55
51
58
62
44
38
48
44
41
42
45
44
44
45
43
33
31
26
35
27
28
25
28
15
23
29
32
20
13
17
12
13
13
8
13
16
18
11
8
6
10
5
10
4
7
6
2
3
4
5
5
2
2
3
6
4
3
3
5
2
4
1
2
1
2
1
1
2
1
